HOME_LAT=-17.39078
HOME_LNG=-66.1843
WORK_LAT=-17.38414
WORK_LNG=-66.166702
